# Frame list with one line of data per frame:
#   FRAME_ID, RIG_ID, RIG_FROM_WORLD[QW, QX, QY, QZ, TX, TY, TZ], NUM_DATA_IDS, DATA_IDS[] as (SENSOR_TYPE, SENSOR_ID, DATA_ID)
# Number of frames: 71
1 1 0.98233473528858872 0.0054836341487993082 -0.17480652712232639 -0.066566325401451965 1.0683918377884702 -1.5516769698051496 4.5144586607204911 1 CAMERA 1 1
2 1 0.98745010660655563 0.0051238801192716238 -0.14736632915094058 -0.05656145195981277 1.0186052554674403 -1.5322013118198987 4.4696300229065349 1 CAMERA 1 2
3 1 0.9919625587311024 0.004715693924120498 -0.11778605826221558 -0.045983570821634762 0.95176791286448825 -1.5154938478915625 4.4260797784420927 1 CAMERA 1 3
4 1 0.99569266221026242 0.0050606092240276859 -0.085614450377833218 -0.035223267046421584 0.86768077754333361 -1.5096938267434343 4.3803807612327157 1 CAMERA 1 4
5 1 0.99815813461546488 0.0054299263786777557 -0.055144689376766476 -0.024696506514840979 0.75684666766762221 -1.5037962449167583 4.3463271489036099 1 CAMERA 1 5
6 1 0.99940503349264109 0.0056844086027633195 -0.029908969277316282 -0.016208642299040704 0.66742349412368551 -1.5040401703928781 4.3235485425058799 1 CAMERA 1 6
7 1 0.99996051670349517 0.0056953842191828138 0.0054168389237381079 -0.0041455384148768723 0.5502787141261799 -1.5006814865089899 4.2976198109143953 1 CAMERA 1 7
8 1 0.99888082555049962 0.0059901380320928647 0.045892995332500075 0.0097492344991898794 0.627031868519902 -1.4924138364873449 4.2613624488914237 1 CAMERA 1 8
9 1 0.99618686027442038 0.0059982032754134461 0.083946634997312405 0.022993987185509508 0.70073709279456153 -1.4788481328099887 4.2186632260235779 1 CAMERA 1 9
10 1 0.98980788391619512 0.005580010086413836 0.1360140887966238 0.041825638950335906 0.75007587905852524 -1.4591193740446686 4.154551389640539 1 CAMERA 1 10
11 1 0.98367757683851631 0.0052287011004772616 0.17119657972922236 0.055161731290115014 0.72141613871826982 -1.4474724153795659 4.1077604760971447 1 CAMERA 1 11
12 1 0.95262343463628185 0.0040244307730689776 0.28750606345279561 0.099159766118136441 0.69330956613356576 -1.3988452903607222 3.9728139534852098 1 CAMERA 1 12
13 1 0.96842051089136538 0.0048804476925204659 0.23627029964946555 0.079462197419776476 0.72762635676470133 -1.4164376768385647 4.0313137488195263 1 CAMERA 1 13
14 1 0.89912562671698704 0.0032327136899355439 0.41240644779803859 0.14657277631807356 0.60054951359017106 -1.3469439060409178 3.8274076799089434 1 CAMERA 1 14
15 1 0.92641964782084685 0.0033515568449689606 0.35503646823539459 0.12523781146742671 0.7113843332908546 -1.3741796038635734 3.8918062241377882 1 CAMERA 1 15
16 1 0.87438792423409906 0.0035776081058022007 0.45727377991590418 0.16227645816706163 0.46301928866187103 -1.3470479221358671 3.7959888576363894 1 CAMERA 1 16
17 1 0.84706285229326039 0.0035873841915968368 0.50087203158170768 0.17776069002645381 0.39195206688969453 -1.3459863155802216 3.7620272735359537 1 CAMERA 1 17
18 1 0.80851759770437492 0.003263967099021204 0.5544941603301643 0.19704026715590148 0.37659732491007042 -1.3374738642418673 3.7248032938878231 1 CAMERA 1 18
19 1 0.77604951987134918 0.0027788997466514547 0.59410561831465059 0.21160797411868335 0.29840022337771732 -1.3369930268243164 3.6995543023943767 1 CAMERA 1 19
20 1 0.74752165757070721 0.0019725633387590248 0.6256502194508734 0.22309030314581357 0.2595549373715122 -1.3373337469070232 3.6800226422522102 1 CAMERA 1 20
21 1 0.71403967005236668 0.0010223753510497078 0.65903334648407064 0.23626542819920951 0.23807816732755827 -1.3474221780766786 3.6630847413217791 1 CAMERA 1 21
22 1 0.68108449873602073 -5.861695682223983e-05 0.6890517113869723 0.2476522585809395 0.24066722861203838 -1.3415137749769206 3.6496679434917501 1 CAMERA 1 22
23 1 0.64521991497758335 0.00010687619249564252 0.7186364779345441 0.25933156860597045 0.23096246477118648 -1.3484322446213086 3.6377432619782555 1 CAMERA 1 23
24 1 0.60540457714930751 4.1191191180788363e-05 0.74857846628467817 0.2703989202730534 0.21374561131107925 -1.3523305035535238 3.6220895355467464 1 CAMERA 1 24
25 1 0.49292191806758245 0.0004199593381934965 0.81853567109201741 0.29500366349025353 0.14971186644957948 -1.3783882083258183 3.5948909758831018 1 CAMERA 1 25
26 1 0.55473050128853674 0.00037035034321655113 0.78265059146853722 0.28236852773413124 0.19908417297266709 -1.3661996605757794 3.6022760178969766 1 CAMERA 1 26
27 1 0.40250591558497029 -0.00046463492835743987 0.86136940939613493 0.3098895167475692 -0.37054766746497902 -1.5318183803061196 3.7471662356081592 1 CAMERA 1 27
28 1 0.45552055206712322 0.00038917007272989198 0.83766790453185402 0.30135254587995536 0.0062052161087608887 -1.4022682819268406 3.5977428371534188 1 CAMERA 1 28
29 1 0.38587349648228303 -0.00045207029983575404 0.86811213670331899 0.31222229012897157 -0.42815552710194793 -1.5376452139846493 3.7608310746721978 1 CAMERA 1 29
30 1 0.34478726681722593 -0.00063360394323437618 0.88332498819368432 0.31758196488367807 -0.40410050899940569 -1.5553863863040485 3.8060627519445109 1 CAMERA 1 30
31 1 0.29377759944243448 -0.0013849098045309912 0.8994958207096827 0.32341934483961904 -0.34422998955278278 -1.5881424385653435 3.8646540722756111 1 CAMERA 1 31
32 1 0.25408624255235923 -0.0020779232390624124 0.91010007533072423 0.32734342282020334 -0.4253300409411595 -1.6493408605421858 3.9187114987945435 1 CAMERA 1 32
33 1 0.2286401878956463 -0.0023374090390351414 0.91607472350092334 0.32943178650630339 -0.53271982790016859 -1.6915964846020108 3.9401360902908329 1 CAMERA 1 33
34 1 0.1879609875290979 -0.0031655033500415275 0.92419047206790084 0.33246446140082092 -0.80765995471371765 -1.7394553595005193 4.0139929442088054 1 CAMERA 1 34
35 1 0.11126440136043381 -0.0030436928193049613 0.93489269412194975 0.33702614053115887 -0.55788309372287859 -1.7910525176341412 4.1306303048677 1 CAMERA 1 35
36 1 0.054795778405982723 -0.0028400410905115997 0.93937578649560027 0.33847080905339427 -0.45434132635338031 -1.8156110174128592 4.1974230040700196 1 CAMERA 1 36
37 1 -0.0089651903833556854 -0.0031653381722132642 0.9406899006777194 0.33913436387159063 -0.36244965068252133 -1.8486899687772591 4.2624700692960662 1 CAMERA 1 37
38 1 -0.098051725804891438 -0.0045319596460433554 0.93642057317549077 0.33687064363362734 -0.61640585665698866 -1.8830964879480572 4.369212660100172 1 CAMERA 1 38
39 1 -0.044066945146868451 -0.0031453094822559307 0.93984216745499627 0.3387401831008221 -0.34754142198655769 -1.8643049668009377 4.2967592276318234 1 CAMERA 1 39
40 1 -0.10863106532003272 -0.021876991713928297 0.87252752150281943 0.4758323371746927 -0.48711507617414695 -2.4749550942565408 3.1921873487347421 1 CAMERA 1 40
41 1 -0.10852984409183337 -0.021394657959127206 0.87208790615618581 0.4766825206448565 -0.50032262283528706 -2.3725961923451275 3.0545009924153907 1 CAMERA 1 41
42 1 -0.10717154951611513 -0.020235284087592665 0.87259225487049918 0.47611715889287914 -0.56379970617960862 -1.7421525368471782 2.2813305620854649 1 CAMERA 1 42
43 1 -0.10768365556669461 -0.020553080746028685 0.87243610819963924 0.47627412096933019 -0.53141252402651629 -2.0804272487683053 2.707463345961576 1 CAMERA 1 43
44 1 -0.10691218611144122 -0.020269675321908188 0.87274633247302291 0.47589154634024006 -0.57990684310824303 -1.5810922198848851 2.1025729305203154 1 CAMERA 1 44
45 1 -0.10631631137681459 -0.020206497748653782 0.87269049623962214 0.47613006327788643 -0.62491965118036952 -1.1462466207319062 1.5309576911722982 1 CAMERA 1 45
46 1 -0.10683002763655446 -0.020402741596467492 0.87259333319181565 0.47618478367091671 -0.59334547529072557 -1.3907463704953356 1.8551488682030526 1 CAMERA 1 46
47 1 -0.10707233629754784 -0.010553372170547151 0.91295847099042238 0.39361271750598337 -0.64304206284477106 -0.72750317236901252 1.50455890998504 1 CAMERA 1 47
48 1 -0.11726772119659254 -0.011268488887917037 0.9120732420524239 0.39273872212390987 -0.65569363570766614 -0.69281825149620768 1.4318605828835067 1 CAMERA 1 48
49 1 -0.17289158011155562 -0.014775726423615106 0.90472854260806368 0.38904555469182922 -0.60647593288915236 -0.73180362612834604 1.5196458216408266 1 CAMERA 1 49
50 1 -0.22948280418974429 -0.018066559212485806 0.89399816128456322 0.38441973107432115 -0.58340433064548891 -0.76873003575987608 1.5788788949162553 1 CAMERA 1 50
51 1 -0.35648928411840997 -0.026283243731670833 0.85743136465189407 0.3701837872177493 -0.40651378579439335 -0.84657029532171935 1.683856484019046 1 CAMERA 1 51
52 1 -0.46817428974673803 -0.034183996880206659 0.81033316159486302 0.35071991103600764 -0.29431528789108752 -0.90177438502214546 1.7494427895573286 1 CAMERA 1 52
53 1 0.57621995458783881 0.0418405081135955 -0.74824410751457682 -0.32611453721859668 -0.088327595344862009 -0.9409711671917107 1.783996798661021 1 CAMERA 1 53
54 1 0.65050946953396882 0.017751256558559029 -0.70891673223832607 -0.27195475669633051 0.16405652973650089 -0.77096163246056049 1.8925272736745229 1 CAMERA 1 54
55 1 0.68484010613271973 0.018515064380470611 -0.68027833526279047 -0.26052371868065816 0.28333418441915786 -0.76505667098223673 1.8821853525689389 1 CAMERA 1 55
56 1 0.70913408092983443 0.019355810683297274 -0.65815067190259757 -0.25217434629785551 0.22116259414597589 -0.76106427685724398 1.8747052760034961 1 CAMERA 1 56
57 1 0.74310327543476895 0.020295443359313402 -0.62456141477656968 -0.23939226426360691 0.21729678679746137 -0.75916567523733769 1.8595890206926318 1 CAMERA 1 57
58 1 0.76471349940516631 0.02061479656284183 -0.6013019036798769 -0.2307039544982559 0.18548816832901549 -0.75220680884417468 1.8548563698370228 1 CAMERA 1 58
59 1 0.82031376252429056 0.022213257186927793 -0.53335648112932399 -0.20523831575934959 0.30161407035516347 -0.73634964729580932 1.8207858356300781 1 CAMERA 1 59
60 1 0.86489473355268132 0.022703694215430337 -0.46800769718111263 -0.18002899077937606 0.43652451967477196 -0.70902088123616136 1.7589975027067781 1 CAMERA 1 60
61 1 0.89900764432596281 0.02461818044342395 -0.40782426686739542 -0.15766600137382078 0.53500342613086405 -0.68889744877499459 1.7101215934314133 1 CAMERA 1 61
62 1 0.96778918725748031 0.026245235982058874 -0.2329083353938057 -0.091918354640616998 0.68759894538439192 -0.60295495021535295 1.4845736570928669 1 CAMERA 1 62
63 1 0.95478168491037541 0.026019630131659154 -0.27577951545914015 -0.10798412781811123 0.68722634442196417 -0.62924454359138438 1.5417276801825561 1 CAMERA 1 63
64 1 0.93027537589447473 0.025519578299249435 -0.34088154817920591 -0.13317749899577655 0.62484073539782603 -0.66164552697740719 1.6332061393784769 1 CAMERA 1 64
65 1 0.99154585299812514 0.026263403622950626 -0.11730370236809411 -0.048855874192323984 0.78903944659358505 -0.53225295151411123 1.3246770349210069 1 CAMERA 1 65
66 1 0.99733133701062704 0.025673238785372275 -0.062104001627474072 -0.028533874758240065 0.73828011684554617 -0.48968269844093759 1.2491824502444036 1 CAMERA 1 66
67 1 0.99925898557546822 0.025463935930464681 -0.025121402580000153 -0.014212066916143058 0.63703218857898569 -0.46104137697010455 1.1977920066556564 1 CAMERA 1 67
68 1 0.99964517198441083 0.024716546570196864 0.0099045140775606642 -0.00072322526812007343 0.51876867740208144 -0.44095848307598401 1.1549491126094742 1 CAMERA 1 68
69 1 0.99830089712575576 0.024616876934663256 0.050679612649012454 0.014862874205247236 0.39580206491338843 -0.4277787318263877 1.1241335663522796 1 CAMERA 1 69
70 1 0.99186587845673979 0.024566494166383603 0.11817491299426738 0.040413567726822502 0.29008170770885555 -0.41151585396471124 1.0810777774285165 1 CAMERA 1 70
71 1 0.97925937118519435 0.024247114605614066 0.1895298945777287 0.067391248991505934 0.20644647721745149 -0.39991265535801784 1.042609771378435 1 CAMERA 1 71
